ASC CAN ID 统计结果
输入文件：C:\Users\Fujitsu\IdeaProjects\Tesla\can_20260821124109_离车关锁0821-01.asc
统计时间：2026-08-21 21:02:16

总行数：905850
有效数据帧行数：905846
忽略行数：4
CAN ID 数量：308

CAN_ID     COUNT          DLC统计                首次时间           末次时间          
--------------------------------------------------------------------------
132        43267          6:43267              0.000000       432.668100    
2E1        27050          8:27050              0.002500       432.667900    
261        27041          8:27041              0.010500       432.676400    
263        21633          8:21633              0.006700       432.676800    
243        21632          8:21632              0.016700       432.666700    
2C1        21632          8:21632              0.010700       432.656400    
201        17307          8:17307              0.000500       432.676100    
401        15572          8:15572              0.001000       432.668300    
129        13254          8:13254              0.003000       432.676600    
545        13111          8:13111              0.015800       432.671100    
3A2        13110          8:13110              0.030500       432.655900    
381        12018          8:12018              0.018500       432.656900    
3AB        11091          8:11091              53.741900      386.465000    
677        10816          8:10816              0.011200       432.637300    
234        8655           8:8655               0.015300       432.649500    
142        8653           8:8653               0.040300       432.668900    
221        8653           8:8653               0.016400       432.641900    
3A1        8653           8:8653               0.032200       432.657900    
3C2        8653           8:8653               0.015600       432.644700    
441        8653           8:8653               0.048400       432.673900    
45A        8653           8:8653               0.007000       432.637100    
719        8653           8:8653               0.019200       432.649700    
609        7241           8:7241               28.241700      137.150200    
2B3        7210           8:7210               0.047000       432.616600    
372        6490           8:6490               0.000800       432.648600    
3AE        6054           8:6054               0.035300       432.639700    
7AA        5625           8:5625               0.036400       432.650400    
22B        4702           8:4702               0.010300       432.659500    
39D        4514           5:4514               0.014300       432.674300    
3F5        4351           8:4351               0.027200       432.652900    
102        4350           8:4350               0.093200       432.621900    
122        4349           8:4349               0.000300       432.629000    
2C2        4344           8:4344               0.056100       432.584900    
4E2        4330           8:4330               0.035100       432.664200    
339        4328           8:4328               0.088300       432.618200    
103        4327           8:4327               0.030700       432.660100    
113        4327           3:4327               0.011700       432.644200    
119        4327           4:4327               0.002100       432.631800    
123        4327           8:4327               0.036700       432.666200    
139        4327           1:4327               0.032000       432.661800    
1F8        4327           4:4327               0.021000       432.649900    
204        4327           8:4327               0.087900       432.661000    
212        4327           8:4327               0.017500       432.627100    
224        4327           8:4327               0.088600       432.661700    
225        4327           4:4327               0.012600       432.642200    
22A        4327           4:4327               0.045600       432.649000    
241        4327           7:4327               0.005200       432.630900    
252        4327           8:4327               0.017700       432.627300    
264        4327           6:4327               0.088100       432.661200    
272        4327           8:4327               0.007200       432.635900    
282        4327           8:4327               0.014100       432.643000    
283        4327           6:4327               0.018700       432.648300    
289        4327           8:4327               0.028100       432.657100    
292        4327           8:4327               0.017900       432.627600    
2B4        4327           6:4327               0.088800       432.662000    
2C4        4327           8:4327               0.087600       432.660800    
2D1        4327           2:4327               0.038100       432.664000    
2D2        4327           8:4327               0.017200       432.627800    
2F1        4327           8:4327               0.016200       432.642500    
2F2        4327           2:4327               0.018100       432.628400    
318        4327           8:4327               0.011900       432.644500    
359        4327           8:4327               0.046100       432.675900    
379        4327           8:4327               0.025100       432.654900    
37A        4327           8:4327               0.039100       432.669200    
3A3        4327           8:4327               0.042800       432.672000    
3C0        4327           8:4327               0.024700       432.654000    
421        4327           7:4327               0.049300       432.674900    
439        4327           8:4327               0.009100       432.638900    
458        4327           7:4327               0.012100       432.645400    
552        4327           8:4327               0.042100       432.670900    
682        4327           8:4327               0.063900       432.665900    
78A        4327           8:4327               0.064300       432.663800    
7F4        4327           1:4327               0.012200       432.645500    
7FF        4327           8:4327               0.012500       432.645800    
1F9        4326           8:4326               0.095100       432.624900    
1FA        4326           3:4326               0.072000       432.600800    
20C        4326           8:4326               0.054700       432.584200    
219        4326           7:4326               0.067200       432.597000    
21D        4326           8:4326               0.081000       432.611700    
228        4326           8:4326               0.075100       432.608300    
242        4326           4:4326               0.079100       432.607800    
25D        4326           8:4326               0.081800       432.612400    
27D        4326           8:4326               0.082500       432.612800    
288        4326           8:4326               0.079900       432.614500    
29D        4326           5:4326               0.082700       432.613200    
2A1        4326           6:4326               0.061300       432.586900    
2A8        4326           8:4326               0.091900       432.626400    
2AA        4326           3:4326               0.067800       432.602400    
2BD        4326           4:4326               0.082800       432.613500    
2C3        4326           8:4326               0.096700       432.626900    
2E8        4326           8:4326               0.087200       432.620400    
2EC        4326           3:4326               0.063200       432.596800    
2F9        4326           8:4326               0.074200       432.603900    
340        4326           8:4326               0.094400       432.619900    
343        4326           8:4326               0.066700       432.597400    
360        4326           8:4326               0.086200       432.615000    
383        4326           8:4326               0.084900       432.614000    
38A        4326           8:4326               0.053200       432.582900    
393        4326           8:4326               0.048700       432.578300    
39A        4326           8:4326               0.060800       432.590100    
3C3        4326           8:4326               0.072700       432.602300    
3C8        4326           8:4326               0.062100       432.597600    
3E8        4326           8:4326               0.057200       432.590400    
3F9        4326           8:4326               0.081300       432.610900    
41D        4326           1:4326               0.084000       432.611400    
422        4326           6:4326               0.049100       432.577900    
423        4326           7:4326               0.091200       432.620900    
428        4326           7:4326               0.097900       432.632300    
43D        4326           6:4326               0.084200       432.612100    
448        4326           7:4326               0.093400       432.629700    
49D        4326           7:4326               0.084400       432.612600    
4E3        4326           8:4326               0.061600       432.590600    
553        4326           8:4326               0.078700       432.609000    
788        4326           8:4326               0.073900       432.609200    
789        4326           4:4326               0.055900       432.590800    
797        4326           4:4326               0.051600       432.584300    
798        4326           8:4326               0.086000       432.621100    
7A8        4326           8:4326               0.069100       432.602000    
7B8        4326           8:4326               0.082000       432.614200    
285        3464           8:3464               0.178900       432.645200    
23E        3008           8:3008               0.002300       432.646000    
249        2651           4:2651               0.033100       432.646800    
712        2595           8:2595               0.019000       432.229500    
3FD        2593           8:2593               0.031000       432.347100    
20E        2335           3:2335               0.028200       432.603400    
419        2335           1:2335               0.026300       432.601600    
420        2335           8:2335               0.043400       432.618800    
25B        2296           8:2296               0.070500       432.654700    
400        2293           7:2293               0.011000       432.614700    
409        2292           1:2292               0.006000       432.609700    
3E2        2171           7:2171               0.115100       432.543900    
3E3        2171           4:2171               0.072900       432.502200    
2E3        2164           7:2164               0.004700       432.634000    
40A        2164           8:2164               0.015100       432.645000    
2BF        2163           7:2163               0.150300       432.576800    
2E2        2163           8:2163               0.065100       432.493900    
31A        2163           8:2163               0.138700       432.568100    
320        2163           8:2163               0.180400       432.588400    
3A8        2163           8:2163               0.165100       432.594000    
42A        2163           8:2163               0.118600       432.548800    
718        2163           7:2163               0.051500       432.478600    
75D        2163           8:2163               0.085100       432.511300    
253        1733           8:1733               0.328900       432.641700    
405        1731           8:1731               0.062300       432.593100    
414        1731           8:1731               0.062600       432.592800    
43B        1731           8:1731               0.119100       432.647900    
55A        1731           8:1731               0.062800       432.593300    
666        1731           4:1731               0.063600       432.593500    
31E        1730           8:1730               0.481100       432.611300    
623        1680           8:1680               0.008300       137.107500    
2A6        1525           8:1525               0.003500       432.642700    
2A7        1525           8:1525               0.003800       432.643200    
2C7        1525           8:1525               0.003300       432.643400    
709        1401           8:1401               0.285100       432.428600    
3B2        1337           8:1337               0.219300       432.527600    
229        1328           3:1328               0.083500       432.646600    
54F        1326           8:1326               0.084700       432.647100    
295        1044           8:1044               2.078100       432.450600    
473        907            8:907                0.378900       432.193400    
273        891            8:891                0.479400       432.293000    
2D3        878            8:878                0.305400       432.592100    
3B3        872            8:872                0.379300       432.193600    
293        869            8:869                0.278900       432.592600    
1BB        868            1:868                0.128900       432.443400    
286        868            5:868                0.179300       432.492600    
294        868            8:868                0.029400       432.346000    
3DF        868            8:868                0.279400       432.592400    
2F3        867            8:867                0.479000       432.292800    
61D        867            8:867                0.079300       432.392600    
213        866            2:866                0.329000       432.642100    
238        866            8:866                0.078900       432.392800    
284        866            8:866                0.129400       432.445500    
313        866            8:866                0.229200       432.543700    
3AA        866            8:866                0.061800       432.563800    
3DB        866            8:866                0.118400       432.648800    
443        866            6:866                0.051000       432.577500    
4F3        866            4:866                0.329300       432.643600    
77A        866            8:866                0.064100       432.564600    
312        865            8:865                0.218700       432.227400    
34A        865            8:865                0.368400       432.398300    
392        865            8:865                0.219100       432.227600    
333        864            5:864                0.428800       432.245800    
334        864            8:864                0.429100       432.246200    
352        649            8:649                0.318400       432.327600    
3C4        517            8:517                2.589000       432.562300    
3CC        474            8:474                0.038400       432.413700    
3E9        473            8:473                0.475100       432.434500    
39B        472            8:472                0.255300       432.624700    
407        467            8:467                0.431200       432.306600    
3F6        454            8:454                0.551000       432.577300    
3D8        439            4:439                0.679700       432.493200    
353        437            8:437                0.679100       432.492800    
82         433            8:433                0.829300       432.643900    
20A        433            6:433                0.075800       432.078700    
232        433            8:433                0.240100       432.248200    
24A        433            1:433                0.061100       432.063900    
25A        433            6:433                0.544200       432.574100    
262        433            8:433                0.059100       432.087900    
2A4        433            8:433                0.189500       432.162500    
300        433            8:433                0.571500       432.579400    
301        433            8:433                0.451000       432.477300    
302        433            8:433                0.491200       432.519900    
303        433            8:433                0.504700       432.534000    
311        433            2:433                0.571600       432.579500    
319        433            8:433                0.112300       432.141900    
323        433            5:433                0.172900       432.202200    
332        433            6:433                0.571300       432.579100    
348        433            8:433                0.312200       432.343600    
355        433            7:433                0.728900       432.542500    
35F        433            1:433                0.620500       432.628500    
361        433            5:433                0.150900       432.177200    
362        433            3:433                0.349200       432.378200    
364        433            4:433                0.189700       432.162700    
373        433            8:433                0.679500       432.493100    
37D        433            8:433                0.381200       432.411400    
382        433            5:433                0.207400       432.237000    
390        433            2:433                0.629500       432.445700    
3A4        433            8:433                0.190000       432.163000    
3C9        433            8:433                0.261000       432.290200    
3D2        433            8:433                0.571900       432.579700    
3D3        433            3:433                0.338600       432.368700    
3DD        433            8:433                0.381700       432.411700    
3ED        433            1:433                0.312400       432.343700    
3F2        433            8:433                0.572100       432.580200    
42E        433            8:433                0.621000       432.629200    
42F        433            7:433                0.621400       432.629400    
452        433            3:433                0.572400       432.580400    
453        433            4:433                0.629000       432.444700    
472        433            8:433                0.572600       432.580600    
492        433            7:433                0.573300       432.580800    
528        433            4:433                0.313500       432.344800    
52F        433            8:433                0.311900       432.345000    
6E8        433            8:433                0.093700       432.127900    
708        433            5:433                0.317000       432.350200    
726        433            3:433                0.633100       432.662100    
737        433            7:433                0.251500       432.277800    
739        433            5:433                0.402700       432.432000    
743        433            1:433                0.002600       432.031900    
7C8        433            8:433                0.485600       432.517100    
4F         432            8:432                0.929000       432.245400    
23A        432            8:432                0.828600       431.857900    
2D7        432            4:432                0.775100       431.804000    
321        432            8:432                0.851000       431.875900    
324        432            8:432                0.879600       431.693200    
33A        432            8:432                0.979000       431.793100    
399        432            3:432                0.970200       431.999800    
3BB        432            3:432                0.978500       431.792500    
3BC        432            4:432                0.929200       432.245600    
3BD        432            8:432                0.751200       431.777500    
5F3        432            3:432                0.881600       431.693800    
6C8        432            8:432                0.648000       431.682200    
70B        432            8:432                0.837200       431.866900    
724        432            3:432                0.650200       431.677600    
727        432            2:432                0.670900       431.700000    
744        432            1:432                0.917000       431.945800    
748        432            5:432                0.761700       431.794500    
752        432            8:432                0.911000       431.918400    
7E8        432            8:432                0.927200       431.960400    
310        259            8:259                0.962800       430.965600    
53E        258            8:258                3.382700       428.411100    
38B        230            8:230                0.971400       431.809600    
38D        230            8:230                0.310700       432.114700    
7B1        225            8:225                0.528900       430.547400    
7F1        216            7:216                1.317100       431.349500    
482        156            3:8, 5:4, 8:144      8.593400       8.986400      
782        155            8:155                1.121100       430.729300    
366        153            8:153                0.404000       432.144700    
1DA        133            2:3, 3:8, 4:1, 8:121 8.593800       9.004700      
608        117            8:117                28.236100      137.125400    
330        106            8:106                1.133400       432.197800    
1FB        87             8:87                 2.065500       432.094200    
72A        87             8:87                 2.573900       432.581100    
32A        86             5:86                 2.718600       427.727500    
550        54             8:54                 29.851700      376.037200    
518        52             2:52                 31.161900      373.937000    
45B        44             2:44                 2.006800       432.037200    
509        44             5:44                 2.050300       432.077700    
70A        44             5:44                 2.066200       432.095100    
720        44             5:44                 2.120100       432.150200    
549        43             6:43                 9.551900       429.577500    
672        43             8:43                 4.551900       424.578100    
7BC        43             8:43                 7.050700       427.078500    
622        33             8:33                 0.413300       137.068700    
55D        20             8:20                 0.418500       412.496300    
522        19             2:19                 1.427200       406.704100    
1D9        16             6:2, 8:14            64.857900      367.996400    
481        12             3:12                 64.863300      367.995500    
601        12             8:12                 28.127500      137.051500    
60B        12             8:12                 28.288300      137.193200    
534        9              8:9                  42.186600      370.984700    
600        6              8:6                  28.116800      137.014700    
60A        6              8:6                  28.286500      137.159300    
60E        6              8:6                  21.955100      130.916500    
61E        6              8:6                  21.957400      130.925600    
624        6              8:6                  24.989300      133.945100    
625        6              8:6                  24.991300      133.956900    
626        6              8:6                  25.025800      133.965400    
627        6              8:6                  25.028400      133.979200    
515        5              2:5                  42.186300      374.284300    
605        3              8:3                  21.980000      130.933300    
606        3              8:3                  23.486600      132.436400    
628        3              8:3                  25.097300      133.998100    
629        3              8:3                  25.100400      134.000000    
6BB        3              8:3                  25.107000      134.004200    
529        1              8:1                  365.862200     365.862200    
5A8        1              8:1                  367.031100     367.031100    
5C8        1              8:1                  366.985400     366.985400    
634        1              8:1                  365.945200     365.945200    
